Light Weight: 0.0 Optimum: [0.9248766,  1.01494561, 1.59434184, 1.88037568, 3.86673121, 1.20199512, 0.99782354]
Light Weight: 0.1 Optimum: [0.30926572, 0.11539243, 1.57784595, 1.78060724, 3.47262497, 1.23293812, 0.99719038]
Light Weight: 0.2 Optimum: [0.37336811, 0.27973138, 1.58831209, 1.92338151, 3.73108952, 1.2073565, 0.99646683]
Light Weight: 0.3 Optimum: [0.63115504, 0.55189144, 1.58963452, 1.94496255, 3.83832548, 1.20327938, 0.99727696]
Light Weight: 0.4 Optimum: [0.96253646, 0.68970797, 1.56841865, 1.96582563, 3.85119602, 1.20337545, 0.99661895]
Light Weight: 0.5 Optimum: [0.92835159, 0.98921068, 1.59161816, 1.8831643 , 3.84886623, 1.20258578, 0.99634269]
Light Weight: 0.6 Optimum: [1.49371689, 0.93474599, 1.50986087, 2.0018342 , 3.85797452, 1.20261263, 0.99714427]
Light Weight: 0.7 Optimum: [1.03087972, 1.23481793, 1.6320209, 1.87968455, 3.86003917, 1.20007355, 0.99996661]
Light Weight: 0.8 Optimum: [1.4655117,  1.01399475, 1.51227182, 1.97627798, 3.87760953, 1.20008311, 0.98398334]
Light Weight: 0.9 Optimum: [1.45787128, 1.06729698, 1.51144003, 1.95401846, 3.87579252, 1.20006155, 0.94532317]
Light Weight: 1.0 Optimum: [1.19861974, 0.96961294, 1.6086077 , 1.98102811, 3.67479242, 1.18626474, 0.26990641]
